chrom	length	bases	mean	min	max
Chr01	145648103	1046858229	7.19	0	3463
Chr02	141386430	708554791	5.01	0	13494
Chr03	140031403	1068820783	7.63	0	13415
Chr04	139941962	1041063908	7.44	0	6504
Chr05	138595503	1035216600	7.47	0	14671
Chr06	137962949	1060946545	7.69	0	17276
Chr07	131591024	743268395	5.65	0	4209
Chr08	128342415	1166915938	9.09	0	7907
Chr09	128190292	952010985	7.43	0	4373
Chr10	124186034	974978019	7.85	0	3024
Chr11	123255941	1015665655	8.24	0	1753
Chr12	113931073	1131535888	9.93	0	3494
Chr13	113589448	938993192	8.27	0	1500
Contig1	700098	2254980	3.22	0	89
Contig2	503642	77546043	153.97	0	5561
Contig3	344253	14856212	43.15	0	472
Contig4	321678	6282966	19.53	0	385
Contig5	296227	64393361	217.38	0	10162
Contig6	269898	4674194	17.32	0	397
Contig7	247109	580367	2.35	0	97
Contig8	216321	9006737	41.64	0	425
Contig9	207735	1608209	7.74	0	139
Contig10	203883	60336052	295.93	0	9916
Contig11	201865	3006065	14.89	0	170
Contig12	186051	7020246	37.73	0	254
Contig13	175421	2901	0.02	0	1
Contig14	156345	3727927	23.84	0	379
Contig15	150475	1178378	7.83	0	113
Contig16	135971	1316659	9.68	0	206
Contig17	122232	319982	2.62	0	22
Contig18	119172	1411	0.01	0	2
Contig19	116238	2977744	25.62	0	203
Contig20	106888	4594867	42.99	0	372
Contig21	105227	46	0.00	0	2
Contig22	104000	1722730	16.56	0	246
Contig23	103890	377878	3.64	0	69
Contig24	101956	3915452	38.40	0	173
Contig25	101842	2021317	19.85	0	117
Contig26	101516	352511	3.47	0	37
Contig27	101398	4224557	41.66	0	515
Contig28	95547	1968946	20.61	0	163
Contig29	95481	1524	0.02	0	1
Contig30	91178	3635952	39.88	0	210
Contig31	89289	665275	7.45	0	95
Contig32	85415	92229	1.08	0	13
Contig33	82966	256421	3.09	0	53
Contig34	71306	2606029	36.55	0	253
Contig35	70975	570353	8.04	0	84
Contig36	64586	1595701	24.71	0	88
Contig37	58712	18886975	321.69	0	3338
Contig38	56242	22581	0.40	0	6
Contig39	55980	486668	8.69	0	67
Contig40	55876	59951	1.07	0	32
Contig41	52538	243513	4.63	0	41
Contig42	52225	237343	4.54	0	30
Contig43	51935	810990	15.62	0	171
Contig44	51768	284089	5.49	0	41
Contig45	51490	262252	5.09	0	36
Contig46	51380	1790093	34.84	0	154
Contig47	49726	41882	0.84	0	9
Contig48	47034	14003500	297.73	0	3348
Contig49	46659	686679	14.72	0	68
Contig50	44853	209092	4.66	0	32
Contig51	44290	144812	3.27	0	40
Contig52	44013	488519	11.10	0	334
Contig53	42418	55936	1.32	0	16
Contig54	41552	1741818	41.92	0	216
Contig55	41080	110378	2.69	0	24
Contig56	40328	201539	5.00	0	78
Contig57	39615	132758	3.35	0	42
Contig58	39487	55571	1.41	0	14
Contig59	39137	176104	4.50	0	96
Contig60	38884	126055	3.24	0	50
Contig61	37723	38123	1.01	0	29
Contig62	37648	137239	3.65	0	25
Contig63	37400	2728513	72.95	0	420
Contig64	37388	271726	7.27	0	300
Contig65	37121	168032	4.53	0	34
Contig66	36478	1656736	45.42	0	291
Contig67	36157	131913	3.65	0	35
Contig68	35214	10690349	303.58	0	3276
Contig69	35099	844033	24.05	0	72
Contig70	34465	345572	10.03	0	405
Contig71	33919	122226	3.60	0	44
Contig72	33800	1160295	34.33	0	313
Contig73	33724	113302	3.36	0	30
Contig74	32706	39571	1.21	0	16
Contig75	31823	120564	3.79	0	52
Contig76	31655	102282	3.23	0	37
Contig77	31276	137462	4.40	0	52
Contig78	31158	601799	19.31	0	59
Contig79	30674	1144204	37.30	0	201
Contig80	29757	762423	25.62	0	141
Contig81	29483	8973326	304.36	0	3348
Contig82	29460	94989	3.22	0	31
Contig83	29339	95273	3.25	0	21
Contig84	28856	35929	1.25	0	11
Contig85	28693	103817	3.62	0	34
Contig86	28361	115621	4.08	0	23
Contig87	28171	39362	1.40	0	28
Contig88	28126	7502047	266.73	0	1588
Contig89	27995	28894	1.03	0	22
Contig90	27806	143802	5.17	0	39
Contig91	27729	117782	4.25	0	55
Contig92	27295	508529	18.63	0	94
Contig93	26816	93091	3.47	0	39
Contig94	26673	26181879	981.59	0	17066
Contig95	26456	240518	9.09	0	143
Contig96	26378	8692027	329.52	0	3251
Contig97	24768	4665643	188.37	0	368
Contig98	24699	123210	4.99	0	31
Contig99	24591	284653	11.58	0	96
Contig100	22915	25166	1.10	0	10
Contig101	22863	10169597	444.81	0	1709
Contig102	22697	1124298	49.54	0	265
Contig103	22371	1546952	69.15	0	914
Contig104	22046	260006	11.79	0	189
Contig105	21134	4804693	227.34	0	1391
Contig106	20804	4535715	218.02	0	1575
Contig107	19337	4386853	226.86	1	519
Contig108	18973	21627	1.14	0	24
Contig109	18357	432033	23.54	0	94
Contig110	17537	1334500	76.10	0	300
Contig111	17350	13735711	791.68	0	19451
Contig112	16706	5282079	316.18	0	2495
Contig113	16668	1897171	113.82	0	268
Contig114	16655	2565826	154.06	0	439
Contig115	16644	7290694	438.04	0	1014
Contig116	16067	2491600	155.08	0	871
Contig117	15129	2157874	142.63	0	563
Contig118	14319	4201811	293.44	0	4927
Contig119	14225	124219	8.73	0	60
Contig120	13711	3923380	286.15	0	1697
Contig121	13447	68487	5.09	0	41
Contig122	13333	51172	3.84	0	39
Contig123	13296	4868629	366.17	0	952
Contig124	12896	7079831	548.99	0	2254
Contig125	12301	4569875	371.50	0	3006
Contig126	12285	7601842	618.79	1	1348
Contig127	12038	552357	45.88	0	232
Contig128	11836	47593	4.02	0	24
Contig129	11606	1623241	139.86	0	322
Contig130	11535	580480	50.32	0	152
Contig131	11355	2768032	243.77	0	803
Contig132	11217	3027226	269.88	0	778
Contig133	10757	1113283	103.49	0	600
Contig134	10675	29300	2.74	0	21
Contig135	10639	4762	0.45	0	5
Contig136	9770	35921	3.68	0	36
Contig137	9436	16743290	1774.41	0	16969
Contig138	9400	57788	6.15	0	91
Contig139	9286	1166142	125.58	0	504
Contig140	9145	4609159	504.01	0	5271
Contig141	8182	22291	2.72	0	18
Contig142	8104	70648	8.72	0	25
Contig143	7930	2305885	290.78	2	799
Contig144	7885	2804541	355.68	0	2962
Contig145	7286	1714315	235.29	0	478
Contig146	7149	3536854	494.73	0	3919
Contig147	6653	1966318	295.55	0	835
Contig148	5710	1585941	277.75	0	1231
Contig149	5587	17881	3.20	0	17
Contig150	5543	5748	1.04	0	6
Contig151	5291	709421	134.08	0	461
Contig152	5228	1198255	229.20	0	621
Contig153	5200	18506	3.56	0	53
Contig154	5183	1248265	240.84	1	1221
Contig155	5156	17164358	3329.01	0	38434
Contig156	4991	18319	3.67	0	15
Contig157	4726	268841	56.89	0	155
Contig158	4615	1373720	297.66	0	1070
Contig159	4598	371007	80.69	0	371
Contig160	3926	99673	25.39	0	100
Contig161	3793	116404	30.69	0	60
Contig162	3720	1248156	335.53	0	1060
Contig163	3441	53402	15.52	0	45
Contig164	3436	546883	159.16	0	734
Contig165	3429	466478	136.04	0	294
Contig166	3379	1534467	454.12	1	1315
Contig167	2968	558685	188.24	0	892
Contig168	2905	211752	72.89	0	232
Contig169	2859	11311	3.96	0	31
Contig170	2770	1943803	701.73	1	2237
Contig171	2732	450256	164.81	0	335
Contig172	2372	4253	1.79	0	11
Contig173	2356	68595	29.12	0	74
Contig174	2202	29307	13.31	0	48
Contig175	1776	396952	223.51	0	720
Contig176	1642	42503	25.88	0	44
Contig178	1111	13492	12.14	0	30
Contig179	1030	170161	165.20	0	405
Contig181	1000	26999	27.00	0	47
total	1716025378	13468441865	7.85	0	38434
