chrom	length	bases	mean	min	max
Chr01	145648103	1120988486	7.70	0	3220
Chr02	141386430	728477538	5.15	0	17184
Chr03	140031403	1183662178	8.45	0	17606
Chr04	139941962	1074205491	7.68	0	3904
Chr05	138595503	1063937343	7.68	0	28698
Chr06	137962949	1097223001	7.95	0	21226
Chr07	131591024	776168618	5.90	0	4917
Chr08	128342415	1236574951	9.63	0	4752
Chr09	128190292	1015590659	7.92	0	6739
Chr10	124186034	986294348	7.94	0	3721
Chr11	123255941	1078535606	8.75	0	2413
Chr12	113931073	1114987505	9.79	0	3394
Chr13	113589448	992700648	8.74	0	1545
Contig1	700098	3379135	4.83	0	105
Contig2	503642	29471072	58.52	0	1015
Contig3	344253	12577360	36.54	0	206
Contig4	321678	6505813	20.22	0	473
Contig5	296227	24861653	83.93	0	1518
Contig6	269898	6473689	23.99	0	1108
Contig7	247109	266911	1.08	0	73
Contig8	216321	6903870	31.91	0	237
Contig9	207735	1472834	7.09	0	38
Contig10	203883	20162755	98.89	0	4626
Contig11	201865	2286069	11.32	0	128
Contig12	186051	6744657	36.25	0	290
Contig13	175421	12014	0.07	0	3
Contig14	156345	12182543	77.92	0	338
Contig15	150475	1886767	12.54	0	111
Contig16	135971	1517644	11.16	0	157
Contig17	122232	1298279	10.62	0	488
Contig18	119172	11920	0.10	0	4
Contig19	116238	3433024	29.53	0	230
Contig20	106888	3649805	34.15	0	239
Contig21	105227	53	0.00	0	1
Contig22	104000	1028255	9.89	0	151
Contig23	103890	728867	7.02	0	76
Contig24	101956	2832040	27.78	0	164
Contig25	101842	1832508	17.99	0	98
Contig26	101516	345908	3.41	0	39
Contig27	101398	3458394	34.11	0	249
Contig28	95547	1706072	17.86	0	98
Contig29	95481	4416	0.05	0	3
Contig30	91178	3093203	33.92	0	149
Contig31	89289	1570034	17.58	0	199
Contig32	85415	888574	10.40	0	42
Contig33	82966	473307	5.70	0	44
Contig34	71306	2420561	33.95	0	214
Contig35	70975	1778864	25.06	0	193
Contig36	64586	2112677	32.71	0	118
Contig37	58712	5572018	94.90	0	833
Contig38	56242	33057	0.59	0	9
Contig39	55980	1117095	19.96	0	174
Contig40	55876	744087	13.32	0	162
Contig41	52538	208120	3.96	0	41
Contig42	52225	313532	6.00	0	65
Contig43	51935	750087	14.44	0	130
Contig44	51768	427888	8.27	0	64
Contig45	51490	229806	4.46	0	24
Contig46	51380	1570252	30.56	0	133
Contig47	49726	511858	10.29	0	59
Contig48	47034	4118186	87.56	0	847
Contig49	46659	846491	18.14	0	107
Contig50	44853	214818	4.79	0	25
Contig51	44290	451294	10.19	0	59
Contig52	44013	490910	11.15	0	219
Contig53	42418	116881	2.76	0	33
Contig54	41552	1281198	30.83	0	114
Contig55	41080	376906	9.17	0	61
Contig56	40328	168107	4.17	0	56
Contig57	39615	310656	7.84	0	67
Contig58	39487	194633	4.93	0	41
Contig59	39137	198151	5.06	0	44
Contig60	38884	225882	5.81	0	35
Contig61	37723	434246	11.51	0	97
Contig62	37648	275760	7.32	0	57
Contig63	37400	1375809	36.79	0	173
Contig64	37388	271541	7.26	0	178
Contig65	37121	163687	4.41	0	29
Contig66	36478	672106	18.42	0	196
Contig67	36157	287513	7.95	0	45
Contig68	35214	3577752	101.60	0	869
Contig69	35099	1124290	32.03	0	121
Contig70	34465	486048	14.10	0	515
Contig71	33919	286761	8.45	0	70
Contig72	33800	1071350	31.70	0	403
Contig73	33724	357488	10.60	0	68
Contig74	32706	145396	4.45	0	26
Contig75	31823	102120	3.21	0	44
Contig76	31655	131828	4.16	0	25
Contig77	31276	281082	8.99	0	89
Contig78	31158	400124	12.84	0	45
Contig79	30674	418599	13.65	0	114
Contig80	29757	996559	33.49	0	193
Contig81	29483	2600612	88.21	0	851
Contig82	29460	123518	4.19	0	31
Contig83	29339	297444	10.14	0	69
Contig84	28856	118820	4.12	0	31
Contig85	28693	75966	2.65	0	24
Contig86	28361	124308	4.38	0	28
Contig87	28171	454179	16.12	0	167
Contig88	28126	4222135	150.12	0	1425
Contig89	27995	284963	10.18	0	82
Contig90	27806	184056	6.62	0	41
Contig91	27729	90194	3.25	0	41
Contig92	27295	449398	16.46	0	110
Contig93	26816	121749	4.54	0	28
Contig94	26673	10534316	394.94	0	4344
Contig95	26456	466117	17.62	0	132
Contig96	26378	2621109	99.37	0	830
Contig97	24768	1535285	61.99	0	405
Contig98	24699	157678	6.38	0	34
Contig99	24591	254608	10.35	0	105
Contig100	22915	393795	17.19	0	191
Contig101	22863	6878061	300.84	0	1527
Contig102	22697	490978	21.63	0	187
Contig103	22371	1556024	69.56	0	590
Contig104	22046	188525	8.55	0	59
Contig105	21134	2909077	137.65	0	1370
Contig106	20804	2518404	121.05	0	1435
Contig107	19337	3216192	166.32	0	379
Contig108	18973	201615	10.63	0	78
Contig109	18357	306276	16.68	0	74
Contig110	17537	1998453	113.96	0	671
Contig111	17350	16521665	952.26	0	26696
Contig112	16706	2567006	153.66	0	1578
Contig113	16668	198663	11.92	0	130
Contig114	16655	2273370	136.50	0	292
Contig115	16644	8385487	503.81	2	1101
Contig116	16067	1852916	115.32	0	804
Contig117	15129	2167091	143.24	0	614
Contig118	14319	2320900	162.09	0	5440
Contig119	14225	97598	6.86	0	46
Contig120	13711	1420157	103.58	0	286
Contig121	13447	68214	5.07	0	36
Contig122	13333	54165	4.06	0	36
Contig123	13296	5881627	442.36	2	1167
Contig124	12896	7664155	594.30	1	2731
Contig125	12301	4370585	355.30	0	1329
Contig126	12285	5178070	421.50	0	1049
Contig127	12038	568303	47.21	0	226
Contig128	11836	59819	5.05	0	24
Contig129	11606	4005485	345.12	0	3690
Contig130	11535	343908	29.81	0	122
Contig131	11355	3503066	308.50	0	1149
Contig132	11217	4016033	358.03	0	1238
Contig133	10757	1913659	177.90	0	1761
Contig134	10675	28187	2.64	0	17
Contig135	10639	13578	1.28	0	6
Contig136	9770	22983	2.35	0	17
Contig137	9436	6679632	707.89	0	4270
Contig138	9400	228927	24.35	0	206
Contig139	9286	2295316	247.18	0	640
Contig140	9145	2836346	310.15	0	2106
Contig141	8182	28616	3.50	0	15
Contig142	8104	32934	4.06	0	17
Contig143	7930	2949553	371.95	0	1220
Contig144	7885	4275902	542.28	0	4440
Contig145	7286	1181610	162.18	0	319
Contig146	7149	4202452	587.84	0	5222
Contig147	6653	2175379	326.98	0	959
Contig148	5710	948405	166.10	0	1123
Contig149	5587	48238	8.63	0	27
Contig150	5543	9571	1.73	0	8
Contig151	5291	751766	142.08	0	498
Contig152	5228	1863756	356.50	0	1034
Contig153	5200	175726	33.79	0	184
Contig154	5183	844838	163.00	0	1245
Contig155	5156	5008232	971.34	0	6534
Contig156	4991	14809	2.97	0	15
Contig157	4726	195153	41.29	0	153
Contig158	4615	423778	91.83	0	230
Contig159	4598	21209	4.61	0	23
Contig160	3926	79295	20.20	0	62
Contig161	3793	83030	21.89	0	59
Contig162	3720	1581123	425.03	0	1471
Contig163	3441	46480	13.51	0	44
Contig164	3436	754545	219.60	0	1118
Contig165	3429	400422	116.78	0	286
Contig166	3379	1773939	524.99	0	1721
Contig167	2968	860010	289.76	0	2156
Contig168	2905	143507	49.40	0	166
Contig169	2859	9389	3.28	0	36
Contig170	2770	2470691	891.95	2	3642
Contig171	2732	429443	157.19	1	311
Contig172	2372	4980	2.10	0	11
Contig173	2356	42389	17.99	0	48
Contig174	2202	60876	27.65	0	125
Contig175	1776	850550	478.91	7	1108
Contig176	1642	35976	21.91	0	36
Contig178	1111	18423	16.58	0	38
Contig179	1030	215698	209.42	0	523
Contig180	1009	598	0.59	0	2
Contig181	1000	63496	63.50	0	145
total	1716026387	13840037444	8.07	0	28698
